000000000000000000000000000000000000000000000
011111111110000000000000000000000000000000000
000000001111100000000000000000000000000000000
000000111111110000000000000000000000000000000
000000000000000000000000000000000000000000000
000000000000000000000000000000000000000000000
000000000000000000000000000000000000000000000
000000000000000000000000000000000000000000000
000000000000000000000000000000000000000000000
000000000000000000000000000000000000000000000
000000000000000000000000000000000000000000000
